1.000000000000000000e+00
1.000000000000000000e+00
1.000000000000000000e+00
1.000000000000000000e+00
1.000000000000000000e+00
1.000000000000000000e+00
1.000000000000000000e+00
1.000000000000000000e+00
1.000000000000000000e+00
1.000000000000000000e+00
1.000000000000000000e+00
1.000000000000000000e+00
1.000000000000000000e+00
1.000000000000000000e+00
1.000000000000000000e+00
1.000000000000000000e+00
8.346153846153845368e-01
7.899999999999999245e-01
7.415384615384614797e-01
6.938461538461537792e-01
6.446153846153845901e-01
6.038461538461536993e-01
5.684615384615383515e-01
5.276923076923075717e-01
4.915384615384614797e-01
4.592307692307691092e-01
4.276923076923074829e-01
3.938461538461536238e-01
3.730769230769229727e-01
3.661538461538459410e-01
3.569230769230767875e-01
3.523076923076922107e-01
3.492307692307690115e-01
3.461538461538460343e-01
3.284615384615382494e-01
3.269230769230767608e-01
3.353846153846151701e-01
3.253846153846151612e-01
3.246153846153845279e-01
3.253846153846151612e-01
3.253846153846151612e-01
3.169230769230767519e-01
3.169230769230767519e-01
3.330769230769229372e-01
3.353846153846151701e-01
3.376923076923074030e-01
3.407692307692307132e-01
3.515384615384613554e-01
3.453846153846151790e-01
3.507692307692306111e-01
3.776923076923075495e-01
3.815384615384612710e-01
3.838461538461536149e-01
3.861538461538459588e-01
3.876923076923074474e-01
3.799999999999998934e-01
3.799999999999997824e-01
3.961538461538459677e-01
3.984615384615383116e-01
3.999999999999998002e-01
4.023076923076922551e-01
4.038461538461537437e-01
3.838461538461536149e-01
3.838461538461537259e-01
3.992307692307690559e-01
4.023076923076921441e-01
4.053846153846152323e-01
4.092307692307690647e-01
4.115384615384614087e-01
4.030769230769228884e-01
4.053846153846152323e-01
4.246153846153845057e-01
4.284615384615383382e-01
4.315384615384614264e-01
4.346153846153844036e-01
4.484615384615382450e-01
4.407692307692305800e-01
4.438461538461536682e-01
4.638461538461536859e-01
4.523076923076921885e-01
4.538461538461536771e-01
4.561538461538460210e-01
4.576923076923076206e-01
4.476923076923075007e-01
4.538461538461536771e-01
4.792307692307690159e-01
4.838461538461537037e-01
4.876923076923076472e-01
4.915384615384613687e-01
4.946153846153844569e-01
4.853846153846151923e-01
4.876923076923076472e-01
5.253846153846153388e-01
5.307692307692306599e-01
5.353846153846151257e-01
5.399999999999998135e-01
5.430769230769230127e-01
5.276923076923076827e-01
5.292307692307691713e-01
5.553846153846151434e-01
5.584615384615383427e-01
5.615384615384615419e-01
5.646153846153845191e-01
5.653846153846153744e-01
5.523076923076921663e-01
5.584615384615383427e-01
5.876923076923075140e-01
5.884615384615383693e-01
5.892307692307691136e-01
5.915384615384614575e-01
5.930769230769230571e-01
5.738461538461536726e-01
5.699999999999998401e-01
5.953846153846154010e-01
5.961538461538460343e-01
5.976923076923075229e-01
6.007692307692307221e-01
6.023076923076922107e-01
5.815384615384614486e-01
5.784615384615383604e-01
6.069230769230767875e-01
6.092307692307691314e-01
6.099999999999998757e-01
6.115384615384613642e-01
6.130769230769228528e-01
5.961538461538460343e-01
5.984615384615383782e-01
6.284615384615384048e-01
6.284615384615384048e-01
6.284615384615384048e-01
6.299999999999998934e-01
6.315384615384613820e-01
6.115384615384614753e-01
6.115384615384613642e-01
6.407692307692306466e-01
6.407692307692306466e-01
6.399999999999999023e-01
6.407692307692306466e-01
6.399999999999999023e-01
6.153846153846153078e-01
6.115384615384613642e-01
6.415384615384613909e-01
6.392307692307690470e-01
6.376923076923075584e-01
6.353846153846152145e-01
6.323076923076922373e-01
6.061538461538460432e-01
6.030769230769228439e-01
6.330769230769228706e-01
6.323076923076922373e-01
6.299999999999998934e-01
6.292307692307691491e-01
6.276923076923075495e-01
6.023076923076922107e-01
5.992307692307691225e-01
6.323076923076921263e-01
6.323076923076922373e-01
6.323076923076922373e-01
6.330769230769228706e-01
6.330769230769229816e-01
6.084615384615383871e-01
6.053846153846154099e-01
6.353846153846153255e-01
6.361538461538460698e-01
6.376923076923075584e-01
6.392307692307690470e-01
6.407692307692306466e-01
6.153846153846153078e-01
6.130769230769230749e-01
6.438461538461537348e-01
6.453846153846152234e-01
6.446153846153844791e-01
6.476923076923075673e-01
6.476923076923075673e-01
6.230769230769229727e-01
6.215384615384613731e-01
6.530769230769229994e-01
6.361538461538460698e-01
6.369230769230768141e-01
6.392307692307690470e-01
6.423076923076922462e-01
6.199999999999998845e-01
6.184615384615383959e-01
6.476923076923075673e-01
