1.000000000000000000e+00
1.000000000000000000e+00
1.000000000000000000e+00
1.000000000000000000e+00
1.000000000000000000e+00
1.000000000000000000e+00
1.000000000000000000e+00
1.000000000000000000e+00
1.000000000000000000e+00
1.000000000000000000e+00
1.000000000000000000e+00
1.000000000000000000e+00
1.000000000000000000e+00
1.000000000000000000e+00
1.000000000000000000e+00
1.000000000000000000e+00
1.077333333333333254e+00
1.094000000000000083e+00
1.111333333333333284e+00
1.128666666666666707e+00
1.140666666666666718e+00
1.149333333333333318e+00
1.165999999999999925e+00
1.181333333333333346e+00
1.195333333333333359e+00
1.207999999999999963e+00
1.219999999999999973e+00
1.223999999999999977e+00
1.226666666666666572e+00
1.238666666666666583e+00
1.245333333333333403e+00
1.247333333333333405e+00
1.247999999999999998e+00
1.251333333333333409e+00
1.245333333333333403e+00
1.242666666666666586e+00
1.253333333333333410e+00
1.253333333333333410e+00
1.253333333333333410e+00
1.253333333333333410e+00
1.253333333333333410e+00
1.246666666666666590e+00
1.243333333333333401e+00
1.250000000000000000e+00
1.249333333333333407e+00
1.249333333333333407e+00
1.249333333333333407e+00
1.249333333333333407e+00
1.239999999999999991e+00
1.236666666666666803e+00
1.242666666666666586e+00
1.238666666666666583e+00
1.238666666666666583e+00
1.238666666666666583e+00
1.237999999999999989e+00
1.229999999999999982e+00
1.226666666666666572e+00
1.233333333333333393e+00
1.233333333333333393e+00
1.232666666666666799e+00
1.231333333333333391e+00
1.233333333333333393e+00
1.226666666666666572e+00
1.223999999999999977e+00
1.230666666666666575e+00
1.229999999999999982e+00
1.229999999999999982e+00
1.227333333333333387e+00
1.225333333333333385e+00
1.217333333333333378e+00
1.213999999999999968e+00
1.219333333333333380e+00
1.217999999999999972e+00
1.215999999999999970e+00
1.214666666666666561e+00
1.213999999999999968e+00
1.203999999999999959e+00
1.199999999999999956e+00
1.206666666666666554e+00
1.204666666666666774e+00
1.203333333333333366e+00
1.201333333333333364e+00
1.200666666666666549e+00
1.192666666666666764e+00
1.188666666666666760e+00
1.193333333333333357e+00
1.191333333333333355e+00
1.191333333333333355e+00
1.191333333333333355e+00
1.190666666666666540e+00
1.183999999999999941e+00
1.180666666666666753e+00
1.185999999999999943e+00
1.183333333333333348e+00
1.183333333333333348e+00
1.182666666666666533e+00
1.181999999999999940e+00
1.174666666666666526e+00
1.171999999999999931e+00
1.177999999999999936e+00
1.177999999999999936e+00
1.177999999999999936e+00
1.176666666666666750e+00
1.174666666666666526e+00
1.165999999999999925e+00
1.161333333333333329e+00
1.165999999999999925e+00
1.164666666666666739e+00
1.162666666666666737e+00
1.159999999999999920e+00
1.157999999999999918e+00
1.151333333333333320e+00
1.149333333333333318e+00
1.155333333333333323e+00
1.154666666666666730e+00
1.153333333333333321e+00
1.152000000000000135e+00
1.150666666666666726e+00
1.143333333333333313e+00
1.141333333333333311e+00
1.145999999999999908e+00
1.145333333333333314e+00
1.144666666666666721e+00
1.143999999999999906e+00
1.141999999999999904e+00
1.133999999999999897e+00
1.128666666666666707e+00
1.132666666666666710e+00
1.131333333333333302e+00
1.129999999999999893e+00
1.128000000000000114e+00
1.125333333333333297e+00
1.116666666666666696e+00
1.113333333333333286e+00
1.118000000000000105e+00
1.117333333333333290e+00
1.116000000000000103e+00
1.114666666666666694e+00
1.112666666666666693e+00
1.107333333333333281e+00
1.105333333333333279e+00
1.112666666666666693e+00
1.112666666666666693e+00
1.111333333333333284e+00
1.110000000000000098e+00
1.108000000000000096e+00
1.102000000000000091e+00
1.100000000000000089e+00
1.105333333333333279e+00
1.105333333333333279e+00
1.105333333333333279e+00
1.104000000000000092e+00
1.102000000000000091e+00
1.095333333333333270e+00
1.092000000000000082e+00
1.097333333333333272e+00
1.096000000000000085e+00
1.094666666666666677e+00
1.094666666666666677e+00
1.094000000000000083e+00
1.089333333333333265e+00
1.088666666666666671e+00
1.094666666666666677e+00
1.095333333333333270e+00
1.095333333333333270e+00
1.094000000000000083e+00
1.094000000000000083e+00
1.089333333333333265e+00
1.088666666666666671e+00
1.094666666666666677e+00
1.096000000000000085e+00
1.095333333333333270e+00
1.095333333333333270e+00
1.094000000000000083e+00
1.088000000000000078e+00
1.086000000000000076e+00
1.093333333333333268e+00
1.092666666666666675e+00
1.092000000000000082e+00
1.090666666666666673e+00
1.089333333333333265e+00
1.083333333333333259e+00
1.082000000000000073e+00
1.086666666666666670e+00
