1.000000000000000000e+00
1.000000000000000000e+00
1.000000000000000000e+00
1.000000000000000000e+00
1.000000000000000000e+00
1.000000000000000000e+00
1.000000000000000000e+00
1.000000000000000000e+00
1.000000000000000000e+00
1.000000000000000000e+00
1.000000000000000000e+00
1.000000000000000000e+00
1.000000000000000000e+00
1.000000000000000000e+00
1.000000000000000000e+00
1.000000000000000000e+00
9.002727272727273355e-01
8.704545454545455918e-01
8.247272727272727533e-01
7.829090909090909989e-01
7.405454545454546178e-01
6.872727272727272574e-01
6.340909090909092605e-01
5.824545454545455581e-01
5.397272727272728332e-01
5.050909090909092569e-01
4.790909090909092338e-01
4.576363636363637855e-01
4.356363636363638214e-01
4.252727272727274688e-01
4.166363636363637490e-01
4.147272727272729442e-01
4.178181818181819773e-01
4.285454545454547848e-01
4.443636363636365161e-01
4.438181818181820559e-01
4.404545454545455430e-01
4.283636363636366129e-01
4.240000000000002656e-01
4.286363636363638152e-01
4.372727272727274794e-01
4.455454545454546889e-01
4.443636363636366271e-01
4.358181818181819933e-01
4.316363636363638179e-01
4.304545454545456451e-01
4.374545454545456513e-01
4.452727272727274310e-01
4.643636363636365338e-01
4.746363636363638006e-01
4.710000000000001963e-01
4.676363636363637388e-01
4.696363636363638516e-01
4.682727272727273959e-01
4.743636363636365427e-01
4.767272727272728883e-01
4.751818181818182607e-01
4.722727272727274550e-01
4.667272727272728794e-01
4.681818181818183100e-01
4.705454545454547111e-01
4.800909090909092902e-01
4.920000000000001594e-01
4.916363636363637601e-01
4.973636363636364521e-01
4.931818181818183322e-01
4.993636363636364539e-01
5.060909090909092578e-01
5.131818181818182945e-01
5.260909090909091645e-01
5.303636363636364814e-01
5.310000000000001386e-01
5.306363636363637948e-01
5.330000000000001403e-01
5.450909090909091814e-01
5.608181818181818823e-01
5.817272727272728705e-01
5.872727272727273906e-01
5.852727272727273888e-01
5.895454545454547057e-01
5.999090909090909474e-01
6.097272727272727844e-01
6.222727272727274217e-01
6.352727272727274332e-01
6.421818181818182980e-01
6.432727272727274404e-01
6.445454545454546436e-01
6.515454545454546498e-01
6.622727272727273462e-01
6.677272727272727249e-01
6.698181818181818681e-01
6.612727272727274563e-01
6.482727272727273338e-01
6.416363636363637823e-01
6.386363636363636687e-01
6.373636363636364655e-01
6.318181818181819454e-01
6.262727272727273142e-01
6.160000000000001030e-01
6.110000000000000986e-01
6.193636363636364495e-01
6.299090909090910850e-01
6.399090909090909829e-01
6.530000000000000249e-01
6.560909090909091690e-01
6.569090909090911090e-01
6.611818181818183149e-01
6.698181818181818681e-01
6.823636363636363944e-01
6.979090909090909234e-01
7.104545454545454497e-01
7.211818181818181461e-01
7.205454545454546000e-01
7.126363636363637344e-01
7.107272727272728741e-01
7.163636363636365356e-01
7.200909090909091148e-01
7.190000000000000835e-01
7.224545454545455714e-01
7.169090909090909403e-01
7.096363636363636207e-01
7.058181818181819001e-01
7.067272727272727595e-01
7.099090909090909340e-01
7.186363636363637397e-01
7.258181818181819178e-01
7.348181818181820368e-01
7.423636363636364477e-01
7.551818181818183984e-01
7.632727272727273249e-01
7.735454545454545361e-01
7.809090909090909971e-01
7.884545454545455190e-01
7.916363636363636935e-01
7.949090909090910095e-01
8.048181818181818770e-01
8.182727272727273737e-01
8.254545454545454408e-01
8.291818181818182421e-01
8.274545454545454426e-01
8.307272727272727586e-01
8.255454545454546933e-01
8.314545454545456682e-01
8.265454545454544721e-01
8.288181818181816762e-01
8.362727272727272787e-01
8.433636363636365374e-01
8.436363636363636287e-01
8.399090909090909385e-01
8.440909090909091139e-01
8.523636363636364344e-01
8.545454545454544970e-01
8.658181818181818201e-01
8.709999999999999964e-01
8.804545454545453786e-01
8.791818181818181754e-01
8.804545454545454897e-01
8.827272727272728048e-01
8.858181818181818379e-01
8.919090909090909847e-01
8.896363636363635585e-01
8.828181818181818352e-01
8.773636363636363455e-01
8.723636363636364521e-01
8.726363636363636545e-01
8.757272727272726875e-01
8.731818181818182811e-01
8.775454545454546285e-01
8.694545454545454799e-01
8.618181818181818166e-01
8.590909090909092383e-01
8.698181818181818237e-01
8.689999999999999947e-01
8.835454545454546338e-01
8.883636363636363553e-01
8.879090909090909811e-01
8.847272727272728066e-01
8.992727272727272236e-01
9.081818181818182012e-01
9.205454545454545556e-01
9.247272727272728421e-01
9.279999999999999361e-01
9.221818181818182136e-01
9.280000000000000471e-01
